     ءاجترار  االلهم  االنت  اباكم  ابت  ابتديت  ابدعتو  ابرز  ابل  ابناء  \
0        0.0     0.0    0.0    0.0  0.0     0.0     0.0   0.0  0.0    0.0   
1        0.0     0.0    0.0    0.0  0.0     0.0     0.0   0.0  0.0    0.0   
2        0.0     0.0    0.0    0.0  0.0     0.0     0.0   0.0  0.0    0.0   
3        0.0     0.0    0.0    0.0  0.0     0.0     0.0   0.0  0.0    0.0   
4        0.0     0.0    0.0    0.0  0.0     0.0     0.0   0.0  0.0    0.0   
..       ...     ...    ...    ...  ...     ...     ...   ...  ...    ...   
945      0.0     0.0    0.0    0.0  0.0     0.0     0.0   0.0  0.0    0.0   
946      0.0     0.0    0.0    0.0  0.0     0.0     0.0   0.0  0.0    0.0   
947      0.0     0.0    0.0    0.0  0.0     0.0     0.0   0.0  0.0    0.0   
948      0.0     0.0    0.0    0.0  0.0     0.0     0.0   0.0  0.0    0.0   
949      0.0     0.0    0.0    0.0  0.0     0.0     0.0   0.0  0.0    0.0   

     ...  ينفعكم  يهديكم   يو  يوجد  يودوهااااا  يوفقكم       يوم  يومي  \
0    ...     0.0     0.0  0.0   0.0         0.0     0.0  0.305151   0.0   
1    ...     0.0     0.0  0.0   0.0         0.0     0.0  0.000000   0.0   
2    ...     0.0     0.0  0.0   0.0         0.0     0.0  0.000000   0.0   
3    ...     0.0     0.0  0.0   0.0         0.0     0.0  0.000000   0.0   
4    ...     0.0     0.0  0.0   0.0         0.0     0.0  0.000000   0.0   
..   ...     ...     ...  ...   ...         ...     ...       ...   ...   
945  ...     0.0     0.0  0.0   0.0         0.0     0.0  0.000000   0.0   
946  ...     0.0     0.0  0.0   0.0         0.0     0.0  0.000000   0.0   
947  ...     0.0     0.0  0.0   0.0         0.0     0.0  0.000000   0.0   
948  ...     0.0     0.0  0.0   0.0         0.0     0.0  0.000000   0.0   
949  ...     0.0     0.0  0.0   0.0         0.0     0.0  0.000000   0.0   

     يومين  يوميين  
0      0.0     0.0  
1      0.0     0.0  
2      0.0     0.0  
3      0.0     0.0  
4      0.0     0.0  
..     ...     ...  
945    0.0     0.0  
946    0.0     0.0  
947    0.0     0.0  
948    0.0     0.0  
949    0.0     0.0  

[950 rows x 2566 columns]